{'A': 0.0007251313349840727,
 'B': 0.00017970001880764384,
 'C': 1.1574958957074605e-06,
 'D': 182297.81778392274,
 'E': 1100.0}