{'A': 0.000672129028197,
 'B': 0.0002796401718,
 'C': 1.7451116000208406e-07,
 'D': 126441.47900758903,
 'E': 1070.0}